267
106
105
77
217
168
204
254
12
126
73
51
229
47
76
133
197
67
155
257
199
237
249
49
111
60
120
272
221
142
201
132
109
7
92
22
129
223
245
193
6
136
115
161
235
273
276
37
28
183
2
185
280
16
269
175
45
283
44
156
147
20
263
145
252
29
138
141
140
203
36
123
30
11
144
119
187
134
275
79
21
301
206
46
219
33
27
251
19
274
55
42
288
165
103
65
63
64
152
268
195
231
54
191
265
243
118
98
205
277
43
246
180
239
58
178
167
85
163
302
198
40
1
224
209
214
62
278
153
266
8
107
218
150
228
247
210
236
176
255
190
171
233
196
213
260
78
264
253
282
127
154
90
50
149
259
86
82
164
69
227
207
292
181
232
121
177
299
222
3
72
211
17
87
271
91
212
157
143
31
173
70
179
238
93
84
100
68
113
215
208
61
53
262
99
125
242
52
148
244
139
226
117
194
300
75
159
295
114
83
296
151
287
131
241
88
230
112
94
128
34
96
59
160
146
108
97
192
186
130
172
48
95
18
170
202
303
101
270
102
290
13
